image_id,y_pred
da1735ae-424f-468c-a6d6-c580fa7ac192,0
ba673d83-b555-41ca-bfae-274fb0b11ec3,0
736782e8-dff9-4ae6-acf5-639cb2769235,0
f6d5f348-4859-47b3-8e4d-6e70767f522f,1
98858b75-0a89-4456-832a-38c6452f3cd6,1
4ea89776-fa41-4cc5-9b8e-89d882b18329,0
71bab65a-2ef4-4e60-a4f0-27dd7c2b3a35,1
49318981-b87e-4f33-a959-6211176381d7,0
27967f9e-b58d-4c3d-b0b8-cf0490c568fb,0
90bbe729-2b46-4870-9f2b-c1e91fd3ce92,1
89eda730-6927-42f9-8aba-042475a74bc5,0
fd149e24-5024-4676-9654-6c3a5103058d,0
31211e5f-b99f-47d4-a9f4-6bfff9249864,0
ee3906d3-6df5-4187-8e9c-34d2118f8bc5,0
abc54156-9f61-466b-94a7-ded913d9f757,0
8cc6314b-0f35-4f9b-8589-8ce889d45e00,0
1ebe8658-2091-4200-9476-93790bc33b26,1
fdda28fd-1306-4643-b16c-efe9bfda6de2,1
78b1ad31-41ec-420d-b19e-03d60c408cbd,0
cc5b4166-622e-40ac-b548-1aeb73b607c9,1
5644abec-a31a-4dc1-8910-823edc824212,0
5b7139b2-817e-4b19-95a2-478eeade83b2,0
a7c86dcc-4346-4751-9b93-fba9b1d5d344,0
83376deb-b0cd-4b35-8c06-052fa97bd4fb,1
9e7f321f-195d-40e1-9e13-ac274a34eaeb,1
25d4a09f-e788-492f-b28a-f4a781e7628f,1
21bfa577-42e5-4527-966a-8cf53d78b434,0
175058f1-d0c1-4333-b907-014d97d0105a,1
eccc26c4-ce47-434a-ad2f-216d7425e8ef,0
59dd8009-16c2-4ce6-9189-42ccc7c3ef46,1
96b4bfcf-bf91-4582-b18d-5a5c5113c80a,1
43589e59-c846-4077-887a-fb5ac2c1d09b,0
ea71785d-7729-41e8-8b0c-50ecab86a91e,0
e768a04e-9ead-4614-9061-4a72f94604da,1
ee4b7020-ae88-49fe-922c-32c24544b448,1
6d1389e0-fa49-44c6-888a-594afbce698f,0
cf8395f9-f52d-4dd7-99c1-a847a6f636e7,0
ed4463f7-2af6-47c9-951d-6c11f7561188,0
f0ad8748-c862-4204-9fb1-f00b0e1d669d,0
8f35d101-2ddd-4893-b76c-49a9f74d983a,0
3ee4e02c-7068-4ee3-9740-bad36f6eb605,1
b15d7478-d350-41ad-9416-8cd2434c90dd,0
61250a54-7d12-48bd-9323-993909310085,1
cecc3760-cbac-4241-8932-871469ffaa7f,0
8bb76260-f703-4add-8870-e0460e8a33c6,0
9f4e0263-e69a-43fb-a2bc-c1d4b56c2d0b,1
f8e911c0-98f5-45ac-bc25-db4b58c7ea76,0
48323591-76a4-4417-9bdc-18f78e31019b,1
2ebb5a4b-a05b-46d4-92d0-f0ce382db2df,1
e2d7ca6d-491b-4df5-898e-77f933ce0d9f,0
5b5b0cd8-0f49-4221-b841-70f88f092c87,0
c3f6493f-846b-47a2-aab4-c88fb495ad11,0
17aa595a-1ed8-4e47-9632-032b4b27ded3,0
80b8987c-70c4-4274-9b46-893e3877a8cd,0
d1e9f2da-f6d4-4904-90b8-934898f98dde,1
893d9cd2-8863-4aed-b7c8-45e5e4ca5f85,0
67d92658-98e7-4c65-933d-a89eec471d2c,0
ebc32147-b5af-4efc-8513-22df61d07592,0
b2db117a-21d8-4da6-beae-198ed91d4a35,0
9601c60a-06ea-497f-b871-d53af72687b8,0
ebd7ec05-f9d0-4ae6-a171-60ecf9cfdce7,1
c5c50e11-b60b-4e5f-9c6f-518dcb0c1f2d,1
48afa23b-06d4-453e-9b1e-5d39a134025b,0
1cff53df-66ea-428a-ac43-5b7c5f0b1a7f,1
8c92371b-86bc-4de3-9d39-8b2e2c5b0713,0
f5450340-d7e1-405c-8cca-4d6c589889ca,1
dfc43fae-914c-41fa-ac93-5eadf1bbf837,0
7c08c8c0-0064-40c3-a7cd-dda2b4043347,1
46dc22f0-63d2-4b35-afef-e45c205d9c9f,0
ae44bb59-581a-4193-9d56-a02ddced3a3a,0
bfd07c25-24db-447f-9701-2a8095d31ff6,0
36b2a612-cb4b-43bd-a4d3-f8a54ce0a068,0
4f4a9636-a939-43e8-b9c0-6331d4b13540,1
fe670c4c-7963-44c3-8aad-8a9bafd6faa6,1
e072b562-f2ef-42f7-8c60-ecf744a9469e,0
e51ca907-4a36-42c4-a117-775888c9f526,1
b407eed6-5800-4b4c-8b96-e1f1a2d64038,0
efca53b4-b135-4168-b373-cf5cd6db78ec,0
38cafcde-01e9-42b4-b04f-42258601760f,1
d9b23aa0-f6bf-443a-900c-573aab7a90b7,1
2c31f6d2-e48d-46d8-9419-09a214ac7f1c,0
3b5a22f6-849f-46e3-9fdb-dd2704e8f817,1
4574f0ed-015e-47ad-9eb5-3ca5676e5995,0
6d1cd870-834a-4192-bdc4-7546e773eef2,0
6f13e04e-17d8-4dfd-8692-dd4925148379,0
168d8258-49fc-42d4-bf46-334eb243c571,1
27be35ae-eb1e-45dd-8714-77af878d0aca,0
bc1f901a-1895-45c5-9bc3-48f4edb4f3c8,1
25fe44ea-4883-4306-b4d8-e9c050e770b0,1
fffd07c4-9764-423a-9e8d-10f1a3519c5d,0
b8fb423b-23b8-493d-b0e0-1ea8f57a9f0e,0
17c35bb6-59e8-4799-aa91-c9dd4b018a82,0
c5ea2f03-c3e3-4a9e-ba9e-968a98ce9df7,1
1140ab06-9452-4fb8-a82d-9285a37d165a,1
85c2f481-3dd5-483c-9e75-6bfaa504b1ca,0
f6e2ee4a-f39d-49f6-82f3-3f9b8165c03c,1
d938ddce-de44-44f9-81cb-c19ccee8ee96,0
c143ee1e-2992-493f-b282-b91428d8f682,0
4ba27d16-6ea2-4c5f-ba0f-74589952740e,0
01cf3373-4311-4806-8b4e-44473e91328b,0
a089edd8-9df9-4dbd-a1ae-6bb7957f01b1,1
8c60aadf-5848-4f7e-91ae-74e9f505f772,0
ffa4c30b-0088-4c67-9ca9-ed37e54dfbda,0
6963b813-fbbd-4a0d-8ac3-e2ef44a6d960,0
76bf5713-6432-46d9-850e-b7282d3d6392,0
ca80ce82-04a9-44af-83e3-82f8c4c81c7b,0
b00c002b-daa8-49b2-b185-26e81a43301e,0
51124039-8e44-4db1-a724-69cfe1d3df8a,1
bd8ea3bd-6d0e-42f0-bcb6-3404e71ac086,0
33b5cd76-e257-4563-a404-686f41746bc2,1
1d1f4e00-d4b0-4701-9683-4421af511b2b,0
0d7939d5-a7fb-4f06-a447-8b29657c2865,0
f7dc8cf6-c48e-4e01-ac70-ea2adeac8ec3,0
4cb26325-e9ba-4bdf-a6e0-83b0a90231be,0
eab24230-f3df-49ec-8e47-e0c3d99197a3,1
496bb173-d03a-4fe1-93d4-6cc3dd5b683c,1
2c77a0e0-073f-429e-bd59-b93a51441e82,1
f28ea2b8-c57c-4dc1-8fe5-8bdee341fd99,0
5481c271-d149-47ac-8b3b-f7047a22534e,0
26a4165b-8ed3-4d60-ab16-338610b2ed9f,1
38163be3-e2e0-498d-999b-853d9901ac0e,0
f4e3e490-54a9-468b-9eee-646d0c5d9335,1
0a3d2366-2c62-489a-a9ec-069dbdfc07f3,0
f91196f7-a505-4c8d-a2a1-e02a61612ea7,1
404bf04b-a70e-486b-95a4-81f2637c8025,0
afb57df7-3148-4f52-a336-d2432f893e14,0
a25a5ff0-a138-4932-ba14-76d7f93aaa41,0
fe4dc043-b335-41ea-9022-8c6669ab5b22,0
7a2304f3-f864-4c16-b683-468d87808661,0
df7d56de-c56a-440f-a938-ff1366d4c418,0
ff31a572-e47b-4743-a68e-3327ad88b4cb,0
de358a60-53b4-45d5-8d56-f66ed6a7ae35,1
3634672d-fdb8-4309-8cd9-5237b32cabfe,1
2af2777c-4a07-423a-9912-0b8ef88cd25a,0
16a7df27-aa1f-4ef9-b62e-3fb7762cf60d,0
df7e8c58-2638-497d-95fb-364a79658cb8,1
6ca61ed1-ad64-4a16-aacd-9c45a01702db,0
d95f480a-54c7-42a6-999a-4af117b58eea,1
b579abf8-ed45-4ddf-b780-ff904673fbb9,1
35504467-43b3-4b3f-bacd-35792da76d46,0
12b83c8b-c899-4870-92d0-8448f07fe111,1
2cc98995-8e16-40a7-ac93-91ee354e6c6e,0
fc2f13a2-bda4-4ff5-a944-b908097dd884,0
4d741eff-6a0e-4b6c-8e2b-cc75597b6914,0
9f55b5d5-dfc5-4119-b8ab-2ff822c8d81f,1
ac67130f-fc4e-41f3-a750-c0b942a8f19b,0
f68a7762-3a85-4616-a919-36cc7207b6a3,1
7898902a-2ccb-41e6-b823-9eaeb02d149b,0
92a1feee-2658-4e6a-a81d-f582b6f85f59,1
f41fe5b0-ccfe-43b9-9b45-c6e5c74846d1,0
7f6d455e-47a0-4529-954d-0cc432f63d50,1
c3e6a492-8c59-4e5d-9379-23472340868b,0
f4ba605a-c00d-4b28-8902-2fe7d5587c3d,0
00cb0c05-992f-4b41-83ed-842e4f5239ba,0
5c591f5e-3476-427f-be2b-b1953ca39d99,0
ca011a46-6653-4233-a14e-49d2a0e4c45a,0
299f5181-883c-4d27-ad0e-012a7d19a5e4,0
5dfcec95-1601-46d6-92fa-b9c2af83a8d6,0
f8966f44-7666-4915-b18e-84197581e353,0
a6b64454-3056-49f3-a329-19616d091eb4,0
b8ee03ed-5b06-475d-bf84-551e2da16698,0
de01551b-501a-4281-a155-04163313e495,1
87047356-d97e-42e2-ba0b-0814d1e6dfb9,0
f469e560-7c58-4bd4-97df-8be9d36032fa,0
b1a25d21-34bf-48ee-94cc-50814ef462af,0
c875738a-a3a7-4abb-be2a-893f3eaddd68,0
cb206033-5968-44f9-bfc8-dab33bb57bae,0
79e94a42-e707-436e-98d8-8f0ad10b6ba6,0
349086fd-349b-4680-8c0b-cdb68e960698,0
73d5326a-2017-4bd9-8931-b8c165a4fc7d,0
5f9aaeb0-9439-498f-a25e-d92f9a0e333e,0
80683a92-20c9-4b6f-9e42-4a69992370ad,1
2c3da7ac-388e-4e79-8933-7f2d91909293,0
eee3ff6e-fb52-42e0-baf9-4702a1ee3f86,0
9582a399-8a0e-4bb2-b88b-30b27162870b,0
6098f7a3-d26b-4d4d-8c3c-0c216b7114ad,1
5745cff4-7974-43f9-ad02-9391bb5ef87f,1
355823c5-bc8e-4352-8892-10bf14ce866a,0
d26ab46e-7dc3-4fff-bc84-8cc573e079b4,0
9ea39c64-6d6c-4ff6-ae08-71ebca779275,0
cc46493e-ec36-418f-a3ac-629a5e48c704,1
b02c5e4f-9305-4290-88c4-aefee8872990,0
ad183787-0b5d-47bd-b444-52ca89ecc1f5,1
b69c6329-6042-40ed-8f7d-26bb38855311,1
03678718-0a78-4967-8520-6cb16ec03173,1
ac6d7dfd-d60f-4557-9206-a4c06cf29cf0,0
598e3a03-cb96-4e22-91e9-cf1cf64f96a4,0
c16f13e7-4d6c-4cc3-ac7f-e804562af663,0
a6f897f1-7279-4851-9bc5-87aa59cccef1,0
507811ee-8b9c-4cd9-8744-333dcf7e924c,0
81607f3a-0d93-47da-b61a-8cad7acda551,1
b5fda154-2362-46f6-93bd-f248f85fc979,0
4e4aef19-6408-46d9-9573-f8948c640e9d,1
5dd12cdd-ee9f-4482-83ce-6a3d2f6a037b,1
ba809fda-3410-43f1-9abe-405e3a1e92c2,0
26eba2f0-7876-41a0-a675-1bfb6db6f002,0
c6ceb20f-fc1c-4ff9-9ce8-309c4ce9841b,0
26ade2f5-2998-4034-96fe-7d999f2ad179,0
a4b86807-a57e-4860-ad78-7801ece84692,0
4894b7c4-0e68-45b9-bf8f-0171824cc2f4,0
